0.5.3.3368
746
1159
3267
3268
3273
3274
3275
3276
3277
3278
0.5.5.3494
7924
7928
7929
7934
7935
0.7.0.3694
10840
10841
10844
10846
1.0.0.3980
18629
18630
1.13.0.28211
23787
30021
1.15.5.57537
470349
1.60.1.69876
1230117
1240927
1240928
1240929
1240930
1244431
1244432
1244433
1244434
1244435
1244436
1259341
1259342
1259343
1259344
1259345
1259347
1259348
1259349
1262996
1263001
2.0.0.6080
27028
27032
27033
3.0.1.8303
45542
45545
45546
3.0.1.8622
51801
4.0.1.12911
74556
74557
74558
74559
88893
5.0.3.15890
102697
102698
102699
110406
6.0.1.18179
158741
7.3.0.24473
172539
172540
172541
172542
195113
202853
202854
211353
211696
211926
212067
221690
230047
