1.60.1.69876
2259
2329
2330
2331
2332
2333
2334
2335
2337
2365
3101
3170
3171
3172
3173
3174
3175
3176
3177
3188
3230
3447
3448
3449
3450
3451
3452
3453
3454
3464
4508
4942
6617
6618
6619
6624
7179
7181
7183
7255
7256
7257
7258
7259
7836
7837
7841
7845
8240
11447
11448
11449
11450
11451
11452
11453
11456
11457
11458
11459
11460
11461
11464
11465
11466
11467
11468
11472
11473
11476
11477
11478
11479
11480
11611
12609
15833
17187
17551
17552
17553
17554
17555
17556
17557
17559
17560
17561
17562
17563
17564
17565
17566
17570
17571
17572
17573
17574
17575
17576
17577
17578
17579
17580
17632
17634
17635
17636
17637
17638
21923
22430
22732
22808
24266
24365
24366
24367
24368
25146
26277
426607
435969
435971
439960
446226
446851
448085
1213544
1213546
1213548
1213552
1213559
1213563
1213565
1213571
1230564
1231583
1240943
1240954
1240965
1240977
1244421
1244645
1244646
1244647
1244648
1245246
1245250
1249630
1249631
1249632
1249633
1250775
1250776
1250777
1250778
1250779
1250780
1250781
1250782
1250783
1250784
1250785
1250786
1250787
1250788
1250789
1250790
1250791
1250792
1250793
1250794
1250795
1250796
1250797
1250798
1250799
1250800
1250801
1250802
1251729
1251730
1251731
1251732
1251733
1251734
1251735
1251736
1251737
1251738
1251739
1251740
1251741
1251742
1251743
1251744
1251745
1251747
1251748
1251749
1251750
1251751
1251752
1251753
1263005
1263078
1277779
1293559
1293560
1293561
1293562
1317279
