1.60.1.69876
2018
2660
2661
2662
2663
2664
2665
2666
2667
2668
2670
2671
2672
2673
2674
2675
2737
2738
2739
2740
2741
2742
3100
3115
3116
3117
3292
3293
3294
3295
3296
3297
3319
3320
3321
3323
3324
3325
3326
3328
3330
3331
3333
3334
3336
3337
3491
3492
3493
3494
3495
3496
3497
3498
3500
3501
3502
3503
3504
3505
3506
3507
3508
3511
3513
3515
3538
6517
6518
7221
7222
7223
7224
7408
7817
7818
8366
8367
8368
8768
8880
9785
9787
9788
9811
9813
9814
9818
9820
9916
9918
9920
9921
9926
9928
9931
9933
9935
9937
9939
9942
9945
9950
9952
9954
9957
9959
9961
9964
9966
9968
9970
9972
9974
9979
9980
9983
9985
9986
9987
9993
9995
9997
10001
10003
10005
10007
10009
10011
10013
10015
11454
11643
12259
12260
14379
14380
15292
15293
15294
15295
15296
15972
15973
16639
16640
16641
16642
16643
16644
16645
16646
16647
16648
16649
16651
16652
16653
16654
16655
16656
16657
16658
16659
16660
16662
16663
16664
16665
16667
16724
16725
16726
16729
16730
16731
16732
16741
16742
16744
16745
16960
16965
16967
16969
16970
16971
16973
16978
16980
16983
16984
16985
16986
16987
16988
16990
16991
16992
16993
16994
16995
17039
17040
17041
19666
19667
19668
19669
20201
20872
20873
20874
20876
20890
20897
21161
21913
22757
23632
23633
23636
23637
23638
23639
23650
23652
23653
24136
24137
24138
24139
24140
24141
24399
24912
24913
24914
27585
27586
27587
27588
27589
27590
27829
27830
27832
28242
28243
28244
28461
28462
28463
427061
429348
430397
435906
435908
435910
439120
439122
439124
439126
439128
439130
439132
446179
446188
446191
460460
461647
461651
461667
461669
461671
461675
461712
461714
461716
461718
461730
461733
461735
461737
461739
461743
1213481
1213484
1213490
1213492
1213498
1213500
1213502
1213504
1213506
1213643
1213709
1213711
1213715
1213746
1213748
1214137
1214257
1214270
1214274
1214309
1215507
1223787
1223789
1223791
1224631
1224632
1224633
1224635
1224636
1224637
1224638
1224639
1230171
1240944
1240955
1240966
1240979
1245287
1252229
1252230
1252231
1252232
1252233
1252234
1252235
1252236
1252237
1252238
1252239
1252240
1252241
1252242
1252243
1252244
1252245
1252246
1252247
1252248
1252249
1252250
1252251
1252252
1252253
1252254
1252255
1252256
1252257
1252258
1252259
1252260
1252261
1252262
1252263
1252264
1252265
1252266
1252267
1252268
1252269
1252270
1252271
1252272
1252273
1252274
1252275
1252276
1252277
1252278
1252279
1252280
1252281
1252282
1252283
1252284
1252285
1252286
1252287
1252288
1252289
1252290
1252291
1252292
1252293
1252294
1252295
1252296
1252297
1252298
1252299
1252300
1252301
1252302
1252303
1252304
1252305
1252306
1252307
1252308
1252309
1252310
1252311
1252312
1252313
1252314
1252315
1252316
1252317
1252318
1252319
1252320
1252321
1252322
1252323
1252324
1252325
1252326
1252327
1252328
1252329
1252330
1252331
1252332
1252333
1252334
1252335
1252336
1252337
1252338
1252339
1252340
1252341
1252342
1252343
1252344
1252345
1252346
1252347
1252348
1252349
1252350
1252351
1252352
1252353
1252354
1252355
1252356
1252357
1252358
1252359
1252360
1252361
1252362
1252363
1252364
1252365
1252366
1252367
1252368
1252988
1252989
1252990
1253001
1253002
1253003
1263041
1263073
1277780
1292945
1292946
1292947
1292948
1292949
1292950
1292951
1292952
1292953
1292954
1292955
1292956
1292981
1292982
1292983
1292984
1292985
1292986
1292987
1292988
1297138
1297139
1297140
1297141
1297142
1297143
1301421
1301422
1301423
1301424
1301425
1301426
1301445
1301446
1301447
1301448
1301449
1301450
1301526
1301527
1301534
1301535
1302598
1306533
1306534
1306535
1306536
1306537
1306538
1306539
1317962
1317963
1317964
