1.60.1.69876
818
2538
2539
2540
2541
2542
2543
2544
2545
2546
2547
2548
2549
2550
2795
3102
3370
3371
3372
3373
3376
3377
3397
3398
3399
3400
3413
4094
6412
6413
6414
6415
6416
6417
6418
6419
6499
6500
6501
7213
7751
7752
7753
7754
7755
7827
7828
8238
8604
8607
9513
13028
15853
15855
15856
15861
15863
15865
15906
15910
15915
15933
15935
18238
18239
18240
18241
18242
18243
18244
18245
18246
18247
18260
20626
20916
21143
21144
21175
22480
22761
24418
24801
25659
25704
25954
470359
470370
1225758
1225759
1225760
1225762
1225763
1229737
1240945
1240956
1240967
1240980
1247741
1249957
1249958
1249959
1249960
1249961
1249962
1249963
1249964
1249965
1249966
1249967
1249968
1250142
1250143
1250144
1250145
1250146
1250147
1250148
1250149
1250150
1250151
1250152
1250153
1250154
1250155
1250156
1250157
1250158
1252566
1255241
1262978
1263067
1270632
1270633
1270635
1283400
1291341
1294014
1295805
1295834
1319313
