1.60.1.69876
7411
7412
7413
7418
7420
7421
7426
7428
7443
7454
7457
7745
7748
7766
7771
7776
7779
7782
7786
7788
7793
7795
7857
7859
7861
7863
7867
13262
13378
13380
13419
13421
13464
13485
13501
13503
13522
13529
13536
13538
13607
13612
13617
13620
13622
13626
13628
13631
13635
13637
13640
13642
13644
13646
13648
13653
13655
13657
13659
13661
13663
13687
13689
13693
13695
13698
13700
13702
13746
13794
13815
13817
13822
13836
13841
13846
13858
13868
13882
13887
13890
13898
13905
13915
13917
13920
13931
13933
13935
13937
13939
13941
13943
13945
13947
13948
14293
14807
14809
14810
15596
17180
17181
20008
20009
20010
20011
20012
20013
20014
20015
20016
20017
20020
20023
20024
20025
20026
20028
20029
20030
20031
20032
20033
20034
20035
20036
20051
21931
22434
22749
22750
23799
23800
23801
23802
23803
23804
25072
25073
25074
25078
25079
25080
25081
25082
25083
25084
25086
25124
25125
25126
25127
25128
25129
25130
27837
430409
435481
435903
439134
439156
446243
448624
463866
463869
463871
471400
1213593
1213595
1213598
1213600
1213603
1213607
1213610
1213616
1213622
1213626
1213628
1213633
1213635
1216005
1216007
1216010
1216014
1216016
1216018
1216020
1216022
1216024
1217189
1217203
1219577
1219578
1219579
1219580
1219581
1219587
1220623
1220624
1230643
1231128
1231139
1231164
1232172
1240946
1240957
1240968
1240981
1245320
1245321
1248458
1248459
1248460
1248461
1248497
1248498
1248500
1248505
1248509
1248510
1248511
1248515
1248528
1248599
1248607
1248636
1248640
1248645
1248650
1248661
1248665
1248668
1248703
1248739
1248745
1248748
1248752
1248754
1248755
1248757
1248760
1248805
1248974
1249006
1249015
1249019
1249057
1249058
1249059
1249060
1249061
1249064
1249069
1249070
1249071
1249107
1249112
1249114
1249128
1249152
1249154
1263056
1263082
1277781
1294054
1306520
1306521
1306522
1306523
1306524
1306525
