1.60.1.69876
3918
3919
3920
3922
3923
3924
3925
3926
3928
3929
3930
3931
3932
3933
3934
3936
3937
3938
3939
3940
3941
3942
3944
3945
3946
3947
3949
3950
3952
3953
3954
3955
3956
3957
3958
3959
3960
3961
3962
3963
3965
3966
3967
3968
3969
3971
3972
3973
3977
3978
3979
4036
4037
4038
4073
6458
7430
8243
8334
8339
8895
9269
9271
9273
12584
12585
12586
12587
12589
12590
12591
12594
12595
12596
12597
12599
12603
12607
12614
12615
12616
12617
12618
12619
12620
12621
12622
12624
12656
12715
12716
12717
12718
12719
12720
12722
12749
12754
12755
12758
12759
12760
12895
12897
12899
12900
12902
12903
12904
12905
12906
12907
12908
13166
13240
13258
15255
15628
15633
19567
19788
19790
19791
19792
19793
19794
19795
19796
19799
19800
19804
19814
19815
19819
19825
19830
19831
19833
20219
20222
21940
22704
22793
22795
22797
23066
23067
23068
23069
23070
23071
23077
23078
23079
23080
23081
23082
23096
23129
23486
23489
23507
24356
24357
26011
26416
26417
26418
26420
26421
26422
26423
26424
26425
26426
26427
26428
26442
26443
28327
424641
431362
435956
435958
435960
435964
435966
446236
446237
446238
461710
1213573
1213576
1213578
1213586
1213588
1213646
1214145
1217207
1221012
1226206
1226207
1226208
1226209
1226210
1226211
1226212
1226213
1228088
1230656
1235244
1240947
1240958
1240969
1240982
1249634
1253004
1253005
1253006
1263034
1263083
1266893
1266905
1266906
1266907
1266908
1266909
1266910
1266911
1266912
1266913
1266914
1266915
1266916
1266917
1266918
1266919
1266920
1266921
1266922
1266923
1266924
1266925
1266926
1266927
1266928
1266929
1266930
1266931
1266932
1266933
1266934
1266935
1266936
1266937
1266938
1266939
1266940
1266941
1266942
1266943
1277782
1286792
1286796
1293088
1293849
1293850
1302161
1306546
1306547
1308178
1308179
1308180
1308182
1308183
1308184
1308185
1308186
1317270
1317958
1317959
1317960
1317961
1319154
1319155
1319156
1319157
1319158
1319159
1319160
1319161
1319162
1319163
1319164
1319165
