1.60.1.69876
2108
2149
2152
2153
2158
2159
2160
2161
2162
2163
2164
2165
2166
2167
2168
2169
2881
3104
3753
3756
3759
3760
3761
3762
3763
3764
3765
3766
3767
3768
3769
3770
3771
3772
3773
3774
3775
3776
3777
3778
3779
3780
3811
3816
3817
3818
4096
4097
5244
6661
6702
6703
6704
6705
7126
7133
7135
7147
7149
7151
7153
7156
7953
7954
7955
8322
9058
9059
9060
9062
9064
9065
9068
9070
9072
9074
9145
9146
9147
9148
9149
9193
9194
9195
9196
9197
9198
9201
9202
9206
9207
9208
10482
10487
10490
10499
10507
10509
10511
10516
10518
10520
10525
10529
10531
10533
10542
10544
10546
10548
10550
10552
10554
10556
10558
10560
10562
10564
10566
10568
10570
10572
10574
10619
10621
10630
10632
10647
10650
10656
10658
10660
10662
14930
14932
16650
16661
16728
16746
19047
19048
19049
19050
19051
19052
19053
19054
19055
19058
19059
19060
19061
19062
19063
19064
19065
19066
19067
19068
19070
19071
19072
19073
19074
19075
19076
19077
19078
19079
19080
19081
19082
19083
19084
19085
19086
19087
19088
19089
19090
19091
19092
19093
19094
19095
19097
19098
19100
19101
19102
19103
19104
19106
19107
20648
20649
20650
20853
20854
20855
21943
22331
22711
22727
22815
22921
22922
22923
22926
22927
22928
23190
23399
23628
23629
23703
23704
23705
23706
23707
23708
23709
23710
24121
24122
24123
24124
24125
24654
24655
24703
24846
24847
24848
24849
24850
24851
24940
26279
28219
28220
28221
28222
28223
28224
28472
28473
28474
44953
429354
429869
435819
435904
435949
435951
435953
439105
439108
439110
439112
439114
439116
439118
446183
446185
446186
446189
446190
446192
451706
461645
461649
461653
461655
461657
461659
461661
461663
461665
461673
461677
461690
461692
461706
461720
461722
461724
461754
462227
1213513
1213519
1213521
1213523
1213525
1213717
1213720
1213723
1213726
1213728
1213731
1213734
1213736
1213738
1213751
1214303
1223774
1223776
1223778
1223780
1223782
1223784
1224615
1224616
1224617
1224618
1224619
1224620
1224621
1224622
1224623
1224624
1224625
1224626
1224627
1224628
1224629
1224630
1226689
1226690
1229432
1240950
1240961
1240972
1240985
1252982
1252983
1252984
1252985
1252986
1252987
1252995
1252996
1252997
1252998
1252999
1253000
1254965
1254966
1254967
1254968
1254969
1254970
1254971
1254972
1254973
1254974
1254975
1254976
1254977
1254978
1254979
1254980
1254981
1254982
1254983
1254984
1254985
1254986
1254987
1254988
1254989
1254990
1254991
1254992
1254993
1254994
1254995
1254996
1254997
1254998
1254999
1255000
1255001
1255002
1255003
1255004
1255005
1255006
1255007
1255008
1255009
1255010
1255011
1255012
1255013
1255014
1255015
1255016
1255017
1255018
1255019
1255020
1255021
1255022
1255023
1255024
1255025
1255026
1255027
1255028
1255029
1255030
1255031
1255032
1255033
1255034
1255035
1255036
1255037
1255038
1255039
1255040
1255041
1255042
1255043
1255044
1255045
1255046
1255047
1255048
1255049
1255050
1255051
1255052
1255053
1255054
1255055
1255056
1255057
1255058
1255059
1255060
1255061
1255062
1255063
1255064
1255065
1255066
1255067
1255068
1255069
1255070
1255071
1255073
1255074
1255075
1255076
1255077
1255078
1255079
1255080
1255081
1255082
1255083
1255084
1255085
1255086
1255087
1255088
1255089
1255090
1255091
1255092
1255093
1255095
1255096
1255097
1255098
1255099
1255100
1255101
1255102
1255103
1255104
1255105
1255106
1255107
1255108
1255109
1255110
1255111
1255112
1255113
1255114
1255115
1255116
1255117
1255118
1255119
1255120
1255121
1255123
1255124
1255125
1255126
1255127
1255128
1255129
1255130
1255131
1255132
1255133
1255134
1255135
1255136
1255137
1255138
1255139
1255140
1255141
1255142
1255143
1255144
1255145
1255146
1263031
1263079
1277783
1292920
1292921
1292923
1292924
1292925
1292926
1292927
1292928
1292929
1292930
1292931
1292932
1292933
1292934
1292935
1292936
1292937
1292938
1292939
1292940
1292965
1292966
1292967
1292968
1292969
1292970
1292971
1292972
1292973
1292974
1292975
1292976
1297126
1297127
1297128
1297129
1297130
1297131
1297132
1297133
1297134
1297135
1297136
1297137
1299914
1299915
1299916
1299917
1301427
1301428
1301429
1301430
1301431
1301432
1301433
1301434
1301435
1301436
1301437
1301438
1301451
1301452
1301453
1301454
1301455
1301456
1301457
1301458
1301459
1301460
1301461
1301462
1301528
1301529
1301530
1301531
1301536
1301537
1301538
1301539
1302604
1306526
1306527
1306528
1306529
1306530
1306531
1306532
