1.60.1.69876
2385
2386
2387
2389
2392
2393
2394
2395
2396
2397
2399
2401
2402
2403
2406
2963
2964
3755
3757
3758
3813
3839
3840
3841
3842
3843
3844
3845
3847
3848
3849
3850
3851
3852
3854
3855
3856
3857
3858
3859
3860
3861
3862
3863
3864
3865
3866
3868
3869
3870
3871
3872
3873
3908
3909
3910
3914
3915
6521
6686
6688
6690
6692
6693
6695
7623
7624
7629
7630
7633
7636
7639
7643
7892
7893
8465
8467
8483
8489
8758
8760
8762
8764
8766
8770
8772
8774
8776
8778
8780
8782
8784
8786
8789
8791
8793
8795
8797
8799
8802
8804
12044
12045
12046
12047
12048
12049
12050
12052
12053
12055
12056
12059
12060
12061
12062
12063
12064
12065
12066
12067
12068
12069
12070
12071
12072
12073
12074
12075
12076
12077
12078
12079
12080
12081
12082
12083
12084
12085
12086
12087
12088
12089
12090
12091
12092
12093
12180
18401
18402
18403
18404
18405
18406
18407
18408
18409
18410
18411
18412
18413
18414
18415
18416
18417
18418
18419
18420
18421
18422
18423
18424
18434
18436
18437
18438
18439
18440
18441
18442
18444
18445
18446
18447
18448
18449
18450
18451
18452
18453
18454
18455
18456
18457
18458
18560
19435
20848
20849
21945
22759
22813
22866
22867
22868
22869
22870
22902
23662
23663
23664
23665
23666
23667
24091
24092
24093
24901
24902
24903
26085
26086
26087
26403
26407
27658
27659
27660
27724
27725
28205
28207
28208
28209
28210
28480
28481
28482
44950
44958
428424
429351
435610
435827
435841
435848
439085
439086
439088
439091
439093
439094
439097
439098
439100
439102
446193
446194
446195
461692
461708
461727
461747
461750
461752
462282
463972
1213527
1213530
1213532
1213534
1213536
1213538
1213540
1213740
1213742
1213744
1214173
1214306
1214307
1223760
1223762
1223764
1223766
1223768
1223770
1223772
1224607
1224608
1224609
1224610
1224611
1224612
1224613
1224614
1227723
1227724
1229504
1240953
1240964
1240976
1240988
1252979
1252980
1252981
1252991
1252992
1252993
1257013
1257017
1257368
1257369
1257370
1257371
1257372
1257373
1257374
1257375
1257376
1257377
1257378
1257379
1257380
1257381
1257382
1257383
1257384
1257385
1257386
1257387
1257388
1257389
1257390
1257391
1257392
1257393
1257394
1257395
1257396
1257397
1257398
1257399
1257400
1257401
1257402
1257403
1257404
1257405
1257406
1257407
1257408
1257409
1257410
1257411
1257412
1257413
1257414
1257415
1257416
1257417
1257418
1257419
1257420
1257421
1257422
1257423
1257424
1257425
1257426
1257427
1257428
1257429
1257430
1257431
1257432
1257433
1257434
1257435
1257436
1257437
1257438
1257439
1257440
1257441
1257442
1257443
1257444
1257445
1257446
1257447
1257448
1257449
1257450
1257451
1257452
1257453
1257454
1257455
1257456
1257457
1257458
1257459
1257460
1257461
1257462
1257463
1257464
1257465
1257466
1257467
1257468
1257469
1257470
1257471
1257472
1257473
1257474
1257475
1257476
1257477
1257478
1257479
1257480
1257481
1257482
1257483
1257484
1257485
1257486
1257487
1257488
1257489
1257490
1257491
1257492
1257493
1257494
1257495
1263032
1263080
1263425
1277784
1292941
1292942
1292943
1292944
1292957
1292958
1292959
1292960
1292961
1292962
1292963
1292964
1292977
1292978
1292979
1292980
1297120
1297121
1297122
1297123
1297124
1297125
1301439
1301440
1301441
1301442
1301443
1301444
1301463
1301464
1301465
1301466
1301468
1301469
1301532
1301533
1301540
1301541
1306540
1306541
1306542
1306543
1306544
1306545
